device=cuda:0 platform=gpu x64=True

     N |  invert old  invert new   spd |  props old  props new   spd |   full old   full new   spd   (µs/call)
--------------------------------------------------------------------------------------------------------------
    64 |       845.1       209.4   4.0 |      272.7      321.0   0.8 |      955.3      409.0   2.3
  4096 |      1389.3       192.4   7.2 |      360.2      224.2   1.6 |     1490.1      346.8   4.3
 16384 |      3008.8       207.1  14.5 |      689.3      258.8   2.7 |     3366.6      427.0   7.9
 65536 |      8505.1       347.3  24.5 |     1657.8      341.1   4.9 |     8681.5      680.3  12.8
262144 |     35081.1       958.3  36.6 |     9440.9     2184.6   4.3 |    39500.3     4241.2   9.3
1048576 |    136483.0      2140.9  63.7 |    33922.6     7173.1   4.7 |   159885.1    17165.2   9.3

wrote /home/ubuntu/bench-out/compare_gpu_scaling_econ.json
