device=cuda:0 platform=gpu x64=True

     N |  invert old  invert new   spd |  props old  props new   spd |   full old   full new   spd   (µs/call)
--------------------------------------------------------------------------------------------------------------
    64 |       867.5       631.8   1.4 |      225.7      231.6   1.0 |      926.2      688.7   1.3
  4096 |      1347.3       625.2   2.2 |      335.0      276.7   1.2 |     1524.5      828.5   1.8
 16384 |      2922.1       818.0   3.6 |      647.6      366.5   1.8 |     3101.1     1257.6   2.5
 65536 |      8138.3      1803.3   4.5 |     1643.5      677.9   2.4 |     9140.5     2761.0   3.3
262144 |     35994.8      5123.0   7.0 |     8621.3     3351.4   2.6 |    41154.9     9313.4   4.4
1048576 |    135962.2     17731.7   7.7 |    33786.6     8229.8   4.1 |   164578.7    33779.6   4.9

wrote /home/ubuntu/bench-out/compare_gpu_scaling.json
